Run semi-empirical minimization
 &qmmm
    qm_theory='AM1', grms_tol=0.0005,
 scfconv=1.d-10, ndiis_attempts=700,   qmcharge=0,
 /
   8    OH        1.0060       -0.5570        4.7380 
   6    CH       -0.0530        0.0070        4.5720 
   6   CH3       -0.8610        0.4600        5.7610 
   7    NZ       -0.5090        0.2310        3.3240 
   6    CE        0.2750       -0.2080        2.1670 
   6    CD       -0.4610        0.1640        0.8790 
   6    CG        0.3580       -0.2940       -0.3270 
   6    CB       -0.3770        0.0780       -1.6150 
   6    CA        0.4420       -0.3810       -2.8230 
   7     N        1.7550        0.2760       -2.8020 
   6     C       -0.2830       -0.0130       -4.0920 
   8     O       -0.0790        1.0560       -4.6160 
   1   HH3       -0.3360        0.1940        6.6790 
   1    H1       -0.9940        1.5410        5.7190 
   1    H2       -1.8350       -0.0270        5.7460 
   1    HZ       -1.3570        0.6830        3.1910 
   1   HE3        1.2500        0.2780        2.1830 
   1   HE2        0.4090       -1.2890        2.2090 
   1   HD3       -1.4350       -0.3220        0.8640 
   1   HD2       -0.5940        1.2450        0.8370 
   1   HG3        1.3330        0.1920       -0.3120 
   1   HG2        0.4920       -1.3750       -0.2850 
   1   HB3       -1.3520       -0.4090       -1.6310 
   1   HB2       -0.5110        1.1590       -1.6570 
   1    HA        0.5750       -1.4620       -2.7810 
   1     H        1.5830        1.2690       -2.8420 

