Run semi-empirical minimization
 &qmmm
    qm_theory='AM1', grms_tol=0.0005,
 scfconv=1.d-10, ndiis_attempts=700,   qmcharge=-1,
 /
   6     C       -6.0320       -0.4530       -0.0560 
   7     N       -4.9140        1.5640        0.7100 
   8     O       -6.6810       -0.4040        0.9620 
   6    CA       -4.8260        0.4350       -0.2260 
   6    CB       -3.5570       -0.3690        0.0620 
   6    CD       -1.0590       -0.3080        0.0580 
   6    CE        0.1690        0.5570       -0.2350 
   6    CG       -2.3290        0.4960       -0.2300 
   6    CK        3.8460       -0.4410        0.1370 
  17    CL        5.0740        0.4230       -0.1550 
   6    CP        6.3250       -0.3680        0.1280 
   6    CX        2.5950        0.3500       -0.1470 
   8    OX        2.6780        1.4930       -0.5440 
   7    NZ        1.3850       -0.2120        0.0410 
   8   OP1        6.2420       -1.5070        0.5230 
   8   OP2        7.5300        0.1920       -0.0590 
   1     H       -4.9460        1.2400        1.6650 
   1    H2       -4.1500        2.2080        0.5720 
   1    HA       -4.7940        0.8120       -1.2480 
   1    HB       -3.5470       -0.6710        1.1090 
   1   HBA       -3.5360       -1.2550       -0.5720 
   1    HD       -1.0380       -1.1940       -0.5760 
   1   HDA       -1.0500       -0.6090        1.1050 
   1    HE        0.1600        0.8590       -1.2820 
   1   HEA        0.1480        1.4440        0.3990 
   1    HG       -2.3380        0.7980       -1.2780 
   1   HGA       -2.3490        1.3820        0.4040 
   1    HK        3.8660       -1.3280       -0.4970 
   1   HKA        3.8550       -0.7430        1.1840 
   1    HL        5.0640        0.7250       -1.2030 
   1   HLA        5.0530        1.3100        0.4780 
   1   HNZ        1.3190       -1.1270        0.3580 

